array([4.01137261e-02, 3.49012647e-02, 2.85751808e-02, 2.31562928e-02,
       1.78537782e-02, 1.38566592e-02, 1.05292576e-02, 8.21699530e-03,
       6.70816760e-03, 5.67516120e-03, 4.82287930e-03, 4.08054640e-03,
       3.45659430e-03, 3.00135120e-03, 2.59067740e-03, 2.23954710e-03,
       2.00607620e-03, 1.78535750e-03, 1.63160410e-03, 1.44976310e-03,
       1.30196870e-03, 1.17968760e-03, 1.08408250e-03, 9.99493200e-04,
       9.16238100e-04, 8.50620400e-04, 7.92840600e-04, 7.29053800e-04,
       6.75379200e-04, 6.29888300e-04, 5.95815200e-04, 5.63218700e-04,
       5.35734900e-04, 5.08095300e-04, 4.76175700e-04, 4.54444900e-04,
       4.35320900e-04, 4.19381500e-04, 4.04596600e-04, 3.87976100e-04,
       3.73483100e-04, 3.57078000e-04, 3.52323900e-04, 3.45220400e-04,
       3.27598400e-04, 3.20008600e-04, 3.06421400e-04, 2.94946900e-04,
       2.84781100e-04, 2.75045100e-04, 2.71314600e-04, 2.68161000e-04,
       2.56408000e-04, 2.52960100e-04, 2.50104000e-04, 2.38969000e-04,
       2.31857500e-04, 2.24057200e-04, 2.22390200e-04, 2.11639000e-04,
       2.08297800e-04, 2.04115000e-04, 2.04838600e-04, 1.99688700e-04,
       1.95344300e-04, 1.93724000e-04, 1.90768100e-04, 1.88541300e-04,
       1.81836700e-04, 1.78815100e-04, 1.80940500e-04, 1.76143600e-04,
       1.68298300e-04, 1.58376500e-04, 1.58290300e-04, 1.54905000e-04,
       1.56073300e-04, 1.54264100e-04, 1.49039100e-04, 1.45209400e-04,
       1.45698800e-04, 1.43691800e-04, 1.42072300e-04, 1.38981300e-04,
       1.36518800e-04, 1.32471200e-04, 1.34220100e-04, 1.28827100e-04,
       1.23215400e-04, 1.29235800e-04, 1.24707200e-04, 1.22858300e-04,
       1.18670900e-04, 1.15879400e-04, 1.18978700e-04, 1.16369700e-04,
       1.11362500e-04, 1.08370100e-04, 1.09858900e-04, 1.07549200e-04,
       1.05809900e-04, 1.05292200e-04, 1.05996900e-04, 1.01706000e-04,
       9.83367000e-05, 9.91934000e-05, 9.76253000e-05, 9.59424000e-05,
       9.58296000e-05, 9.41146000e-05, 9.12746000e-05, 9.14986000e-05,
       9.02432000e-05, 8.84079000e-05, 8.71389000e-05, 8.71115000e-05,
       8.24680000e-05, 8.42706000e-05, 8.37987000e-05, 8.11940000e-05,
       8.02768000e-05, 7.82847000e-05, 7.74312000e-05, 7.74271000e-05,
       7.59841000e-05, 7.88535000e-05, 7.71951000e-05, 7.42378000e-05,
       7.20435000e-05, 7.18067000e-05, 7.32175000e-05, 7.20431000e-05,
       7.01775000e-05, 7.35438000e-05, 7.08375000e-05, 6.84110000e-05,
       6.84563000e-05, 6.78828000e-05, 6.69387000e-05, 6.44799000e-05,
       6.33037000e-05, 6.17276000e-05, 6.30042000e-05, 6.13657000e-05,
       6.26957000e-05, 6.06981000e-05, 6.13619000e-05, 5.99464000e-05,
       5.88157000e-05, 5.70043000e-05, 5.74743000e-05, 5.60136000e-05,
       5.53643000e-05, 5.46754000e-05, 5.51111000e-05, 5.48222000e-05,
       5.36576000e-05, 5.31948000e-05, 5.42197000e-05, 5.21217000e-05,
       5.17659000e-05, 5.22884000e-05, 5.14327000e-05, 4.92045000e-05,
       4.99891000e-05, 4.90238000e-05, 4.69494000e-05, 4.60344000e-05,
       4.66198000e-05, 4.75027000e-05, 4.64515000e-05, 4.80256000e-05,
       4.55895000e-05, 4.38127000e-05, 4.61163000e-05, 4.58859000e-05,
       4.25418000e-05, 4.27709000e-05, 4.24473000e-05, 4.15369000e-05,
       4.33149000e-05, 4.21092000e-05, 4.24049000e-05, 4.07945000e-05,
       3.92403000e-05, 3.92435000e-05, 3.96029000e-05, 3.96232000e-05,
       4.01633000e-05, 3.88675000e-05, 3.79582000e-05, 3.74286000e-05,
       3.72645000e-05, 3.77834000e-05, 3.68284000e-05, 3.63517000e-05,
       3.56138000e-05, 3.58432000e-05, 3.56962000e-05, 3.71208000e-05,
       3.55412000e-05, 3.48231000e-05, 3.47528000e-05, 3.47072000e-05,
       3.32433000e-05, 3.35034000e-05, 3.37978000e-05, 3.46046000e-05,
       3.39609000e-05, 3.24701000e-05, 3.27934000e-05, 3.29751000e-05,
       3.07395000e-05, 3.15443000e-05, 3.23070000e-05, 3.24988000e-05,
       3.10732000e-05, 2.97783000e-05, 2.92102000e-05, 3.00659000e-05,
       2.93365000e-05, 2.97430000e-05, 3.09130000e-05, 2.93823000e-05,
       2.86272000e-05, 2.94102000e-05, 2.93084000e-05, 2.93293000e-05,
       2.89799000e-05, 2.85274000e-05, 2.84561000e-05, 2.90580000e-05,
       2.83666000e-05, 2.79924000e-05, 2.75948000e-05, 2.73428000e-05,
       2.62896000e-05, 2.75574000e-05, 2.76323000e-05, 2.63229000e-05,
       2.65363000e-05, 2.60668000e-05, 2.61539000e-05, 2.60437000e-05,
       2.55025000e-05, 2.55702000e-05, 2.64333000e-05, 2.59282000e-05,
       2.54021000e-05, 2.38045000e-05, 2.44154000e-05, 2.39516000e-05,
       2.39501000e-05, 2.44688000e-05, 2.42476000e-05, 2.44190000e-05,
       2.40128000e-05, 2.37475000e-05, 2.29788000e-05, 2.33602000e-05,
       2.25078000e-05, 2.32853000e-05, 2.35773000e-05, 2.30599000e-05,
       2.21283000e-05, 2.20878000e-05, 2.15237000e-05, 2.16189000e-05,
       2.27492000e-05, 2.21422000e-05, 2.11106000e-05, 2.15072000e-05,
       2.14506000e-05, 2.15715000e-05, 2.11324000e-05, 2.08562000e-05,
       2.08087000e-05, 2.14430000e-05, 2.16650000e-05, 2.15059000e-05,
       2.07054000e-05, 1.95871000e-05, 2.03478000e-05, 1.99007000e-05,
       2.05351000e-05, 2.01417000e-05, 1.92115000e-05, 2.00444000e-05,
       1.90645000e-05, 1.91200000e-05, 1.85881000e-05, 1.95016000e-05,
       1.93510000e-05, 1.93046000e-05, 1.84199000e-05, 1.87700000e-05,
       1.81120000e-05, 1.84758000e-05, 1.80672000e-05, 1.79303000e-05,
       1.87431000e-05, 1.88680000e-05, 1.88298000e-05, 1.80931000e-05,
       1.79222000e-05, 1.74459000e-05, 1.69631000e-05, 1.70058000e-05,
       1.77647000e-05, 1.82392000e-05, 1.75465000e-05, 1.72766000e-05,
       1.73015000e-05, 1.67851000e-05, 1.67588000e-05, 1.77391000e-05,
       1.71350000e-05, 1.66642000e-05, 1.62660000e-05, 1.64522000e-05,
       1.70380000e-05, 1.70478000e-05, 1.65337000e-05, 1.68206000e-05,
       1.59706000e-05, 1.62638000e-05, 1.58687000e-05, 1.54150000e-05,
       1.57340000e-05, 1.67912000e-05, 1.59412000e-05, 1.54732000e-05,
       1.56809000e-05, 1.54154000e-05, 1.58488000e-05, 1.51534000e-05,
       1.50279000e-05, 1.56289000e-05, 1.49376000e-05, 1.49303000e-05,
       1.46943000e-05, 1.47110000e-05, 1.53839000e-05, 1.51946000e-05,
       1.42561000e-05, 1.48436000e-05, 1.50836000e-05, 1.46288000e-05,
       1.48405000e-05, 1.44379000e-05, 1.38118000e-05, 1.45141000e-05,
       1.49543000e-05, 1.41928000e-05, 1.37818000e-05, 1.34217000e-05,
       1.37637000e-05, 1.35903000e-05, 1.38114000e-05, 1.36965000e-05,
       1.32060000e-05, 1.38101000e-05, 1.31203000e-05, 1.33384000e-05,
       1.34048000e-05, 1.34001000e-05, 1.32663000e-05, 1.37012000e-05,
       1.38067000e-05, 1.35649000e-05, 1.31943000e-05, 1.32635000e-05,
       1.32689000e-05, 1.28260000e-05, 1.25615000e-05, 1.24904000e-05,
       1.23357000e-05, 1.27959000e-05, 1.32039000e-05, 1.26001000e-05,
       1.22097000e-05, 1.22135000e-05, 1.21931000e-05, 1.20250000e-05,
       1.18120000e-05, 1.19798000e-05, 1.25341000e-05, 1.25614000e-05,
       1.27701000e-05, 1.19307000e-05, 1.25777000e-05, 1.22738000e-05,
       1.18562000e-05, 1.17118000e-05, 1.19586000e-05, 1.11331000e-05,
       1.14951000e-05, 1.14503000e-05, 1.16060000e-05, 1.20342000e-05,
       1.14009000e-05, 1.10596000e-05, 1.15103000e-05, 1.16362000e-05,
       1.17604000e-05, 1.11425000e-05, 1.14502000e-05, 1.14538000e-05,
       1.07784000e-05, 1.10869000e-05, 1.07603000e-05, 1.09311000e-05,
       1.14024000e-05, 1.15347000e-05, 1.11487000e-05, 1.01317000e-05,
       1.05207000e-05, 1.08780000e-05, 1.06484000e-05, 1.07264000e-05,
       1.03452000e-05, 1.04729000e-05, 1.09115000e-05, 1.03944000e-05,
       1.06669000e-05, 1.11093000e-05, 1.06678000e-05, 1.03982000e-05,
       1.04830000e-05, 1.00033000e-05, 1.06071000e-05, 1.03204000e-05,
       1.03819000e-05, 1.06684000e-05, 1.05161000e-05, 1.03784000e-05,
       1.02271000e-05, 1.02421000e-05, 9.92880000e-06, 9.99340000e-06,
       1.01224000e-05, 1.00479000e-05, 1.01350000e-05, 1.00270000e-05,
       9.96600000e-06, 9.84930000e-06, 1.05120000e-05, 1.00074000e-05,
       9.73620000e-06, 9.85380000e-06, 9.62410000e-06, 1.00663000e-05,
       9.75740000e-06, 9.34050000e-06, 9.33850000e-06, 9.35910000e-06,
       9.42210000e-06, 9.17730000e-06, 9.29220000e-06, 9.40250000e-06,
       1.00879000e-05, 9.44040000e-06, 8.90890000e-06, 9.24550000e-06,
       9.11060000e-06, 9.59770000e-06, 9.34520000e-06, 9.60860000e-06,
       9.02550000e-06, 8.89300000e-06, 8.62130000e-06, 9.33310000e-06,
       9.35530000e-06, 9.52380000e-06, 8.96340000e-06, 8.94630000e-06,
       8.52050000e-06, 8.87750000e-06, 8.99880000e-06, 9.08230000e-06,
       9.52340000e-06, 8.69960000e-06, 8.48750000e-06, 7.96690000e-06,
       8.18520000e-06, 8.88650000e-06, 8.51300000e-06, 8.75480000e-06,
       8.89350000e-06, 8.87250000e-06, 9.43560000e-06, 8.85730000e-06,
       8.76050000e-06, 8.48370000e-06, 8.11940000e-06, 8.62210000e-06,
       8.67420000e-06, 8.76100000e-06, 8.83830000e-06, 8.90070000e-06,
       8.53660000e-06, 8.00020000e-06, 8.39480000e-06, 8.42460000e-06,
       8.68650000e-06, 8.56490000e-06, 8.61120000e-06, 8.38810000e-06,
       8.02270000e-06, 8.51720000e-06, 8.46250000e-06, 8.21780000e-06,
       7.71620000e-06, 8.45780000e-06, 8.62140000e-06, 8.02910000e-06,
       7.47590000e-06, 7.03650000e-06, 7.23570000e-06, 7.55900000e-06,
       7.83220000e-06, 7.95290000e-06, 7.83740000e-06, 8.04810000e-06,
       8.44510000e-06, 7.68990000e-06, 8.24740000e-06, 7.78930000e-06,
       7.80390000e-06, 8.37420000e-06, 8.18600000e-06, 6.98780000e-06,
       7.48920000e-06, 7.79010000e-06, 7.64260000e-06, 7.21680000e-06,
       7.20960000e-06, 7.11620000e-06, 7.83260000e-06, 7.84040000e-06,
       7.17350000e-06, 7.48530000e-06, 7.83730000e-06, 7.40960000e-06,
       7.43830000e-06, 7.84190000e-06, 7.82610000e-06, 7.19180000e-06,
       7.89170000e-06, 8.20330000e-06, 7.55330000e-06, 7.35990000e-06,
       7.56060000e-06, 7.53860000e-06, 7.73730000e-06, 7.25860000e-06,
       7.00390000e-06, 6.96200000e-06, 7.42340000e-06, 7.41520000e-06,
       7.20160000e-06, 7.24310000e-06, 7.34960000e-06, 7.39780000e-06,
       7.22240000e-06, 7.03910000e-06, 7.18010000e-06, 6.74890000e-06,
       7.32680000e-06, 6.81320000e-06, 6.62460000e-06, 6.74290000e-06,
       6.92260000e-06, 7.26140000e-06, 6.73020000e-06, 6.90710000e-06,
       6.79360000e-06, 6.85360000e-06, 7.25530000e-06, 7.30290000e-06,
       7.19440000e-06, 6.45580000e-06, 6.11210000e-06, 6.27180000e-06,
       6.77440000e-06, 6.57020000e-06, 6.30880000e-06, 6.80580000e-06,
       6.96850000e-06, 6.76140000e-06, 6.39460000e-06, 6.49360000e-06,
       6.55120000e-06, 6.98820000e-06, 6.00520000e-06, 5.97280000e-06,
       6.46230000e-06, 6.58720000e-06, 6.80500000e-06, 6.37730000e-06,
       6.80130000e-06, 6.55720000e-06, 6.65500000e-06, 6.60340000e-06,
       6.25750000e-06, 6.40390000e-06, 6.25380000e-06, 6.47640000e-06,
       6.63660000e-06, 6.52390000e-06, 5.78810000e-06, 6.22720000e-06,
       5.95640000e-06, 5.72790000e-06, 6.37510000e-06, 6.18510000e-06,
       6.39750000e-06, 6.07690000e-06, 6.46570000e-06, 6.43020000e-06,
       5.93510000e-06, 6.03790000e-06, 6.09840000e-06, 6.09220000e-06,
       5.81910000e-06, 5.94770000e-06, 6.27740000e-06, 6.67120000e-06,
       6.08130000e-06, 6.15460000e-06, 5.97440000e-06, 6.15610000e-06,
       5.99230000e-06, 5.95450000e-06, 5.96590000e-06, 5.75160000e-06,
       5.77630000e-06, 5.61300000e-06, 6.03210000e-06, 5.96630000e-06,
       6.45030000e-06, 6.28440000e-06, 6.96210000e-06, 5.95340000e-06,
       5.73960000e-06, 6.29670000e-06, 6.07610000e-06, 6.21640000e-06,
       6.25710000e-06, 6.06840000e-06, 6.03270000e-06, 6.20540000e-06,
       5.74940000e-06, 5.77620000e-06, 5.66340000e-06, 5.49370000e-06,
       5.53690000e-06, 5.68830000e-06, 5.96240000e-06, 5.65200000e-06,
       5.79600000e-06, 5.99140000e-06, 5.85370000e-06, 6.25450000e-06,
       6.22760000e-06, 6.30660000e-06, 5.76200000e-06, 5.56180000e-06,
       5.83850000e-06, 6.14100000e-06, 5.74860000e-06, 5.67020000e-06,
       5.31710000e-06, 5.43180000e-06, 6.03150000e-06, 5.55100000e-06,
       5.03310000e-06, 4.89410000e-06, 5.59850000e-06, 5.44950000e-06,
       5.52490000e-06, 5.77370000e-06, 6.00290000e-06, 5.60690000e-06,
       5.38050000e-06, 5.61940000e-06, 5.51610000e-06, 5.50370000e-06,
       5.51110000e-06, 5.35560000e-06, 5.71890000e-06, 5.16880000e-06,
       5.29420000e-06, 5.64060000e-06, 6.03150000e-06, 5.67040000e-06,
       5.74900000e-06, 5.57510000e-06, 5.71560000e-06, 5.46560000e-06,
       5.09430000e-06, 5.10280000e-06, 5.11400000e-06, 4.87160000e-06,
       4.68490000e-06, 5.22280000e-06, 5.07830000e-06, 5.56290000e-06,
       5.28570000e-06, 4.99870000e-06, 5.07480000e-06, 5.25250000e-06,
       5.26360000e-06, 4.92580000e-06, 4.84540000e-06, 5.45130000e-06,
       5.63490000e-06, 5.11950000e-06, 5.26240000e-06, 5.18930000e-06,
       5.03750000e-06, 4.72690000e-06, 5.08360000e-06, 5.93950000e-06,
       5.62210000e-06, 5.94300000e-06, 5.47250000e-06, 4.99510000e-06,
       4.82390000e-06, 4.94950000e-06, 4.75850000e-06, 4.95520000e-06,
       4.91700000e-06, 4.93070000e-06, 4.53040000e-06, 5.37730000e-06,
       5.70720000e-06, 4.92140000e-06, 4.90340000e-06, 5.14740000e-06,
       4.78190000e-06, 5.17940000e-06, 5.36350000e-06, 5.24190000e-06,
       5.19480000e-06, 5.25550000e-06, 4.94760000e-06, 5.25800000e-06,
       5.22080000e-06, 5.51630000e-06, 5.26230000e-06, 4.95080000e-06,
       5.12850000e-06, 4.79960000e-06, 4.82310000e-06, 5.24620000e-06,
       5.36500000e-06, 4.72770000e-06, 4.78040000e-06, 5.31070000e-06,
       4.83150000e-06, 4.94380000e-06, 5.03720000e-06, 5.28500000e-06,
       5.61540000e-06, 5.37580000e-06, 4.92220000e-06, 4.81900000e-06,
       5.36260000e-06, 5.11720000e-06, 6.10550000e-06, 5.27690000e-06,
       4.67050000e-06, 4.89390000e-06, 4.98310000e-06, 4.99760000e-06,
       4.79450000e-06, 5.07570000e-06, 4.91710000e-06, 4.42120000e-06,
       5.05960000e-06, 5.00940000e-06, 4.80470000e-06, 4.84510000e-06,
       4.91860000e-06, 4.91510000e-06, 4.83500000e-06, 5.17360000e-06,
       5.15400000e-06, 4.51920000e-06, 4.65700000e-06, 4.26990000e-06,
       5.19480000e-06, 4.89230000e-06, 5.09770000e-06, 4.89020000e-06,
       4.37010000e-06, 4.55630000e-06, 5.08870000e-06, 4.76380000e-06,
       5.19430000e-06, 4.79190000e-06, 4.38650000e-06, 4.48430000e-06,
       4.46180000e-06, 4.81310000e-06, 5.04330000e-06, 4.61680000e-06,
       4.71340000e-06, 4.85400000e-06, 4.68610000e-06, 4.16950000e-06,
       4.53650000e-06, 4.68440000e-06, 4.45570000e-06, 4.76050000e-06,
       4.80700000e-06, 4.57870000e-06, 4.41460000e-06, 4.56780000e-06,
       4.93050000e-06, 4.68210000e-06, 4.73610000e-06, 5.06150000e-06,
       4.33810000e-06, 4.69480000e-06, 4.58110000e-06, 4.53220000e-06,
       4.44960000e-06, 4.38400000e-06, 4.49690000e-06, 4.64550000e-06,
       4.61840000e-06, 4.22980000e-06, 4.68690000e-06, 4.71590000e-06,
       5.14140000e-06, 4.77540000e-06, 4.59780000e-06, 4.85910000e-06,
       4.63000000e-06, 4.41960000e-06, 4.38240000e-06, 4.59460000e-06,
       4.70170000e-06, 4.67110000e-06, 4.22990000e-06, 4.00870000e-06,
       4.71480000e-06, 4.75000000e-06, 4.67930000e-06, 4.66140000e-06,
       4.59480000e-06, 5.08680000e-06, 4.62490000e-06, 4.16590000e-06,
       4.88810000e-06, 5.00640000e-06, 4.40650000e-06, 4.33270000e-06,
       4.47970000e-06, 4.84630000e-06, 4.46280000e-06, 4.57570000e-06,
       4.52390000e-06, 4.70150000e-06, 4.41480000e-06, 4.62000000e-06,
       4.74540000e-06, 4.51500000e-06, 4.50600000e-06, 4.31310000e-06,
       4.33540000e-06, 4.31020000e-06, 4.89190000e-06, 4.52310000e-06,
       4.10920000e-06, 3.98340000e-06, 4.04570000e-06, 4.32120000e-06,
       4.29950000e-06, 4.28420000e-06, 4.36050000e-06, 3.90400000e-06,
       4.03000000e-06, 3.97300000e-06, 3.86090000e-06, 4.18780000e-06,
       4.22150000e-06, 4.31700000e-06, 4.55260000e-06, 3.89620000e-06,
       4.16640000e-06, 4.67710000e-06, 4.30640000e-06, 4.37650000e-06,
       4.38460000e-06, 4.47400000e-06, 4.62120000e-06, 4.67120000e-06,
       4.45390000e-06, 4.67730000e-06, 4.30980000e-06, 4.17320000e-06,
       4.15290000e-06, 4.32900000e-06, 4.14070000e-06, 3.93390000e-06,
       3.95610000e-06, 4.29810000e-06, 4.31360000e-06, 4.48890000e-06,
       4.56640000e-06, 4.35640000e-06, 4.19030000e-06, 4.26420000e-06,
       4.16670000e-06, 4.07400000e-06, 4.30740000e-06, 4.12160000e-06,
       4.11850000e-06, 4.28140000e-06, 4.23930000e-06, 4.19360000e-06,
       4.25720000e-06, 4.03140000e-06, 4.23230000e-06, 4.50410000e-06,
       4.28390000e-06, 4.15020000e-06, 4.31850000e-06, 4.22170000e-06,
       3.98640000e-06, 4.70820000e-06, 4.86920000e-06, 4.34500000e-06,
       4.01010000e-06, 4.41170000e-06, 4.47990000e-06, 4.16010000e-06,
       4.03350000e-06, 4.03320000e-06, 3.20550000e-06, 4.05520000e-06,
       4.29470000e-06, 4.27940000e-06, 4.56740000e-06, 4.02150000e-06,
       3.77840000e-06, 4.45480000e-06, 4.59620000e-06, 4.51190000e-06,
       3.47890000e-06, 4.12260000e-06, 4.18400000e-06, 4.17190000e-06,
       3.95480000e-06, 3.33480000e-06, 3.80590000e-06, 4.59210000e-06,
       4.35820000e-06, 4.22370000e-06, 4.38760000e-06, 4.54450000e-06,
       4.94550000e-06, 4.26020000e-06, 3.70390000e-06, 3.65640000e-06,
       4.25220000e-06, 3.80270000e-06, 3.77000000e-06, 4.48080000e-06,
       3.69400000e-06, 4.16400000e-06, 4.32880000e-06, 4.32100000e-06,
       4.15780000e-06, 4.41740000e-06, 3.65700000e-06, 4.63460000e-06,
       4.37440000e-06, 3.44940000e-06, 4.22410000e-06, 4.46190000e-06,
       4.30030000e-06, 3.32490000e-06, 4.41160000e-06, 4.65880000e-06,
       4.47300000e-06, 4.88570000e-06, 4.59050000e-06, 3.62030000e-06,
       3.00730000e-06, 2.87640000e-06, 3.30120000e-06, 3.28840000e-06,
       3.48910000e-06, 4.54280000e-06, 3.32940000e-06, 3.21110000e-06,
       3.14480000e-06, 3.97930000e-06, 4.00220000e-06, 4.56290000e-06,
       4.75040000e-06, 4.04030000e-06, 4.19580000e-06, 4.45160000e-06,
       3.06380000e-06, 4.50120000e-06, 6.12310000e-06, 4.40220000e-06,
       3.32430000e-06, 4.18500000e-06, 2.83200000e-06, 3.29720000e-06,
       4.48980000e-06, 4.30550000e-06, 4.79000000e-06, 6.32730000e-06,
       3.75150000e-06, 4.65770000e-06, 3.10000000e-06, 8.00930000e-06])
