array([ 3.98184490e-02,  3.41419514e-02,  2.77844092e-02,  2.21566967e-02,
        1.71934680e-02,  1.34359767e-02,  1.02053568e-02,  8.00109710e-03,
        6.54803790e-03,  5.53603570e-03,  4.72689430e-03,  4.01813180e-03,
        3.41184320e-03,  2.92184860e-03,  2.53241690e-03,  2.20656120e-03,
        1.94686130e-03,  1.72577910e-03,  1.51889610e-03,  1.37530100e-03,
        1.23997150e-03,  1.10926910e-03,  1.01232680e-03,  9.33490600e-04,
        8.56272800e-04,  7.86975500e-04,  7.36362300e-04,  6.58512800e-04,
        6.20509600e-04,  5.75614600e-04,  5.26994500e-04,  4.94485800e-04,
        4.69878300e-04,  4.41530300e-04,  4.16996700e-04,  3.94450100e-04,
        3.75842600e-04,  3.58278700e-04,  3.41204800e-04,  3.20833000e-04,
        3.08611800e-04,  2.90445900e-04,  2.74768500e-04,  2.68414600e-04,
        2.56624700e-04,  2.50634100e-04,  2.43163300e-04,  2.30729800e-04,
        2.19218400e-04,  2.11260600e-04,  2.09618200e-04,  2.00473700e-04,
        1.89957500e-04,  1.81128900e-04,  1.77680400e-04,  1.71673000e-04,
        1.61780400e-04,  1.63218300e-04,  1.53721900e-04,  1.49272400e-04,
        1.45841100e-04,  1.38994500e-04,  1.36517600e-04,  1.29731000e-04,
        1.24908600e-04,  1.21038300e-04,  1.17248500e-04,  1.13929400e-04,
        1.16155400e-04,  1.10335100e-04,  1.04723500e-04,  1.05542100e-04,
        1.00877900e-04,  9.53951000e-05,  9.42623000e-05,  9.27953000e-05,
        8.73736000e-05,  8.69089000e-05,  8.81261000e-05,  8.59401000e-05,
        8.23885000e-05,  8.02946000e-05,  7.70540000e-05,  7.67389000e-05,
        7.48180000e-05,  7.25461000e-05,  7.26307000e-05,  7.09631000e-05,
        6.76929000e-05,  6.79164000e-05,  6.71644000e-05,  6.82340000e-05,
        6.59238000e-05,  6.37636000e-05,  6.49308000e-05,  6.01087000e-05,
        6.07498000e-05,  6.21780000e-05,  6.24192000e-05,  6.15451000e-05,
        6.24426000e-05,  6.21239000e-05,  5.91106000e-05,  6.13559000e-05,
        6.04626000e-05,  5.81593000e-05,  5.89738000e-05,  5.73813000e-05,
        5.73288000e-05,  5.77392000e-05,  5.69812000e-05,  5.85151000e-05,
        5.64628000e-05,  5.74010000e-05,  5.69556000e-05,  5.88941000e-05,
        5.87395000e-05,  5.82689000e-05,  5.92526000e-05,  5.97297000e-05,
        6.03122000e-05,  6.07834000e-05,  6.08292000e-05,  6.05620000e-05,
        5.92033000e-05,  6.11338000e-05,  6.20436000e-05,  6.27379000e-05,
        6.20785000e-05,  6.41294000e-05,  6.48696000e-05,  6.43467000e-05,
        6.42636000e-05,  6.52563000e-05,  6.47088000e-05,  6.66060000e-05,
        6.83735000e-05,  6.69435000e-05,  6.69593000e-05,  6.89241000e-05,
        6.76988000e-05,  7.01692000e-05,  7.19585000e-05,  7.09139000e-05,
        7.20933000e-05,  7.51187000e-05,  7.42862000e-05,  7.72669000e-05,
        7.69823000e-05,  7.52496000e-05,  7.69152000e-05,  7.96832000e-05,
        8.11071000e-05,  7.90693000e-05,  8.08069000e-05,  8.20329000e-05,
        8.42753000e-05,  8.27413000e-05,  8.33790000e-05,  8.55694000e-05,
        8.52609000e-05,  8.53975000e-05,  8.55966000e-05,  8.67033000e-05,
        8.88955000e-05,  8.79128000e-05,  9.01241000e-05,  9.09511000e-05,
        9.10259000e-05,  9.40740000e-05,  9.63037000e-05,  9.61100000e-05,
        9.52105000e-05,  9.69708000e-05,  9.69963000e-05,  9.55862000e-05,
        9.68975000e-05,  9.92116000e-05,  1.00174400e-04,  1.01667000e-04,
        1.04362900e-04,  1.02674700e-04,  1.03465500e-04,  1.03917600e-04,
        1.03191800e-04,  1.06150500e-04,  1.05424100e-04,  1.09357400e-04,
        1.10529500e-04,  1.09744900e-04,  1.08191200e-04,  1.11442200e-04,
        1.12931900e-04,  1.11714000e-04,  1.12345900e-04,  1.15360200e-04,
        1.18071300e-04,  1.15251700e-04,  1.16451800e-04,  1.18023200e-04,
        1.15947400e-04,  1.14609600e-04,  1.16792400e-04,  1.19914800e-04,
        1.18721100e-04,  1.21333100e-04,  1.21962500e-04,  1.21571900e-04,
        1.21816600e-04,  1.22331800e-04,  1.24000100e-04,  1.23660700e-04,
        1.22015100e-04,  1.24513200e-04,  1.26068500e-04,  1.23527100e-04,
        1.25480100e-04,  1.25634900e-04,  1.26284000e-04,  1.24638300e-04,
        1.23913900e-04,  1.27073700e-04,  1.28733800e-04,  1.29235100e-04,
        1.29914000e-04,  1.28532000e-04,  1.29271700e-04,  1.30035300e-04,
        1.30512500e-04,  1.30381400e-04,  1.30350300e-04,  1.30778400e-04,
        1.28627000e-04,  1.30026100e-04,  1.29334500e-04,  1.29051400e-04,
        1.29603600e-04,  1.29781400e-04,  1.30600500e-04,  1.32161000e-04,
        1.29904000e-04,  1.30934200e-04,  1.30763800e-04,  1.29916900e-04,
        1.28476200e-04,  1.26255200e-04,  1.26613200e-04,  1.28052800e-04,
        1.26919000e-04,  1.29619900e-04,  1.27669800e-04,  1.27963300e-04,
        1.25665600e-04,  1.26884600e-04,  1.25887400e-04,  1.26263700e-04,
        1.25001100e-04,  1.26452300e-04,  1.25111600e-04,  1.22899100e-04,
        1.23942500e-04,  1.22107800e-04,  1.22708900e-04,  1.22798900e-04,
        1.21740200e-04,  1.20732600e-04,  1.19769000e-04,  1.20961200e-04,
        1.21203200e-04,  1.18534500e-04,  1.19695200e-04,  1.19347300e-04,
        1.18473400e-04,  1.17648200e-04,  1.16113800e-04,  1.14151400e-04,
        1.14226400e-04,  1.13912400e-04,  1.13579100e-04,  1.11914200e-04,
        1.13531200e-04,  1.10365700e-04,  1.11573500e-04,  1.11726800e-04,
        1.10034300e-04,  1.08195000e-04,  1.06722500e-04,  1.06363600e-04,
        1.06085900e-04,  1.06295700e-04,  1.06449500e-04,  1.04803400e-04,
        1.03561500e-04,  1.03000700e-04,  1.02097300e-04,  9.97519000e-05,
        9.86200000e-05,  9.77937000e-05,  9.87384000e-05,  9.66552000e-05,
        9.53498000e-05,  9.36446000e-05,  9.39890000e-05,  9.52312000e-05,
        9.31982000e-05,  9.29357000e-05,  9.15254000e-05,  9.21549000e-05,
        9.02832000e-05,  8.77387000e-05,  8.69786000e-05,  8.70363000e-05,
        8.87660000e-05,  8.65428000e-05,  8.40458000e-05,  8.30059000e-05,
        8.08660000e-05,  7.99831000e-05,  7.92255000e-05,  7.97889000e-05,
        7.84672000e-05,  7.87782000e-05,  7.82801000e-05,  7.48047000e-05,
        7.61241000e-05,  7.51345000e-05,  7.40345000e-05,  7.41684000e-05,
        7.22257000e-05,  7.03161000e-05,  7.07204000e-05,  7.01238000e-05,
        6.97161000e-05,  6.94516000e-05,  6.84389000e-05,  6.66488000e-05,
        6.52536000e-05,  6.55413000e-05,  6.65205000e-05,  6.41235000e-05,
        6.33050000e-05,  6.20934000e-05,  6.17214000e-05,  6.26080000e-05,
        6.13025000e-05,  5.98811000e-05,  6.00008000e-05,  5.83236000e-05,
        5.62957000e-05,  5.55185000e-05,  5.60767000e-05,  5.66914000e-05,
        5.50326000e-05,  5.36075000e-05,  5.26453000e-05,  5.27551000e-05,
        5.18953000e-05,  5.10598000e-05,  5.05814000e-05,  4.99331000e-05,
        4.86312000e-05,  4.80487000e-05,  4.72889000e-05,  4.70651000e-05,
        4.89246000e-05,  4.84360000e-05,  4.54512000e-05,  4.62249000e-05,
        4.60042000e-05,  4.47744000e-05,  4.40330000e-05,  4.36277000e-05,
        4.33692000e-05,  4.15579000e-05,  4.22689000e-05,  4.10814000e-05,
        4.05670000e-05,  3.97565000e-05,  3.96648000e-05,  3.86843000e-05,
        3.77593000e-05,  3.84409000e-05,  3.85826000e-05,  3.86588000e-05,
        3.68817000e-05,  3.60226000e-05,  3.60543000e-05,  3.59443000e-05,
        3.49472000e-05,  3.46520000e-05,  3.51918000e-05,  3.39613000e-05,
        3.42892000e-05,  3.33097000e-05,  3.22504000e-05,  3.20213000e-05,
        3.18802000e-05,  3.12726000e-05,  3.09980000e-05,  2.99607000e-05,
        3.10825000e-05,  3.12681000e-05,  2.95830000e-05,  2.95002000e-05,
        2.82802000e-05,  2.76637000e-05,  2.78308000e-05,  2.79727000e-05,
        2.81824000e-05,  2.70882000e-05,  2.68796000e-05,  2.68718000e-05,
        2.70276000e-05,  2.69654000e-05,  2.67031000e-05,  2.61270000e-05,
        2.54958000e-05,  2.59108000e-05,  2.42846000e-05,  2.45430000e-05,
        2.45661000e-05,  2.31894000e-05,  2.34729000e-05,  2.33038000e-05,
        2.30751000e-05,  2.23547000e-05,  2.24192000e-05,  2.23824000e-05,
        2.22475000e-05,  2.22288000e-05,  2.16288000e-05,  2.17083000e-05,
        2.16468000e-05,  2.10985000e-05,  2.09121000e-05,  2.08866000e-05,
        2.10482000e-05,  2.10029000e-05,  2.04676000e-05,  1.89254000e-05,
        1.95587000e-05,  2.07342000e-05,  2.05277000e-05,  1.97532000e-05,
        1.92792000e-05,  1.95624000e-05,  1.86294000e-05,  1.83151000e-05,
        1.77249000e-05,  1.83220000e-05,  1.81070000e-05,  1.80068000e-05,
        1.82709000e-05,  1.73292000e-05,  1.72705000e-05,  1.71277000e-05,
        1.63142000e-05,  1.59860000e-05,  1.62496000e-05,  1.64873000e-05,
        1.53640000e-05,  1.58533000e-05,  1.58468000e-05,  1.54769000e-05,
        1.53574000e-05,  1.50575000e-05,  1.53511000e-05,  1.53505000e-05,
        1.51680000e-05,  1.48687000e-05,  1.45171000e-05,  1.40613000e-05,
        1.43313000e-05,  1.42590000e-05,  1.40286000e-05,  1.43139000e-05,
        1.34447000e-05,  1.37550000e-05,  1.41220000e-05,  1.38759000e-05,
        1.31657000e-05,  1.36649000e-05,  1.35671000e-05,  1.29657000e-05,
        1.32808000e-05,  1.34501000e-05,  1.37882000e-05,  1.32764000e-05,
        1.33038000e-05,  1.27286000e-05,  1.23224000e-05,  1.24064000e-05,
        1.18025000e-05,  1.19557000e-05,  1.20861000e-05,  1.24683000e-05,
        1.25262000e-05,  1.14842000e-05,  1.14104000e-05,  1.22381000e-05,
        1.15730000e-05,  1.13543000e-05,  1.13589000e-05,  1.14443000e-05,
        1.12433000e-05,  1.15719000e-05,  1.15981000e-05,  1.10754000e-05,
        1.16241000e-05,  1.13587000e-05,  1.05739000e-05,  1.06688000e-05,
        1.06175000e-05,  1.05922000e-05,  1.06931000e-05,  9.91620000e-06,
        1.03782000e-05,  9.73230000e-06,  1.00217000e-05,  1.01771000e-05,
        1.00041000e-05,  1.02489000e-05,  9.97230000e-06,  9.43610000e-06,
        9.53400000e-06,  9.36610000e-06,  1.00284000e-05,  9.83460000e-06,
        9.99510000e-06,  1.05909000e-05,  9.62770000e-06,  9.23810000e-06,
        9.79040000e-06,  1.00645000e-05,  1.01504000e-05,  1.00534000e-05,
        9.62300000e-06,  9.27860000e-06,  8.31200000e-06,  9.38930000e-06,
        1.01721000e-05,  9.60600000e-06,  9.17770000e-06,  8.58250000e-06,
        8.85030000e-06,  8.28230000e-06,  8.86910000e-06,  8.72030000e-06,
        8.91920000e-06,  8.63600000e-06,  8.72550000e-06,  8.08330000e-06,
        8.84360000e-06,  8.85210000e-06,  8.89390000e-06,  8.56550000e-06,
        7.79880000e-06,  8.16040000e-06,  7.65070000e-06,  8.77400000e-06,
        8.31740000e-06,  8.14250000e-06,  8.40440000e-06,  7.87080000e-06,
        8.14080000e-06,  7.75950000e-06,  7.95280000e-06,  9.04020000e-06,
        8.09780000e-06,  7.56340000e-06,  8.02290000e-06,  7.61720000e-06,
        7.78460000e-06,  7.47520000e-06,  7.68490000e-06,  7.29680000e-06,
        7.62400000e-06,  7.63140000e-06,  7.75890000e-06,  7.52880000e-06,
        7.16940000e-06,  7.02860000e-06,  7.79080000e-06,  7.80170000e-06,
        7.92130000e-06,  7.16150000e-06,  7.19560000e-06,  7.02680000e-06,
        7.37390000e-06,  7.40810000e-06,  6.94410000e-06,  6.73730000e-06,
        6.72960000e-06,  6.48300000e-06,  6.48980000e-06,  6.53200000e-06,
        7.20160000e-06,  7.24240000e-06,  6.64030000e-06,  6.97900000e-06,
        6.87590000e-06,  6.61370000e-06,  6.30670000e-06,  6.26270000e-06,
        6.67750000e-06,  6.70070000e-06,  6.98610000e-06,  6.33170000e-06,
        6.33880000e-06,  6.51000000e-06,  6.03760000e-06,  6.06520000e-06,
        6.94940000e-06,  7.04490000e-06,  6.57200000e-06,  6.12820000e-06,
        6.18130000e-06,  6.13210000e-06,  6.68040000e-06,  6.76510000e-06,
        6.13230000e-06,  6.07200000e-06,  6.19830000e-06,  6.25270000e-06,
        5.98490000e-06,  6.11860000e-06,  5.94340000e-06,  5.95260000e-06,
        5.97000000e-06,  5.60080000e-06,  5.89150000e-06,  5.69680000e-06,
        5.60770000e-06,  5.77770000e-06,  5.85350000e-06,  5.99840000e-06,
        5.76120000e-06,  5.47520000e-06,  6.14150000e-06,  6.03720000e-06,
        5.66720000e-06,  5.36820000e-06,  5.50080000e-06,  4.77710000e-06,
        5.13180000e-06,  5.14190000e-06,  5.58270000e-06,  5.07950000e-06,
        5.17220000e-06,  5.32420000e-06,  5.37750000e-06,  5.76220000e-06,
        5.64370000e-06,  5.90940000e-06,  5.87000000e-06,  5.61010000e-06,
        5.73270000e-06,  5.43810000e-06,  5.56050000e-06,  5.47780000e-06,
        4.89220000e-06,  5.03010000e-06,  5.75990000e-06,  6.11700000e-06,
        5.53270000e-06,  5.40250000e-06,  5.11970000e-06,  5.59160000e-06,
        5.41170000e-06,  5.15250000e-06,  5.10940000e-06,  5.11790000e-06,
        5.03120000e-06,  5.13000000e-06,  5.36190000e-06,  4.84280000e-06,
        4.84720000e-06,  4.89970000e-06,  4.47140000e-06,  5.64500000e-06,
        5.05060000e-06,  5.11150000e-06,  4.96080000e-06,  4.83280000e-06,
        4.86110000e-06,  4.72260000e-06,  4.55570000e-06,  4.67410000e-06,
        5.07350000e-06,  5.07520000e-06,  4.71020000e-06,  5.16850000e-06,
        5.44230000e-06,  5.42720000e-06,  5.74990000e-06,  5.09020000e-06,
        4.94340000e-06,  5.00160000e-06,  4.18440000e-06,  4.58760000e-06,
        5.08570000e-06,  4.92880000e-06,  5.03390000e-06,  4.78890000e-06,
        5.06280000e-06,  5.18300000e-06,  4.58930000e-06,  4.90550000e-06,
        4.87350000e-06,  4.95240000e-06,  5.11910000e-06,  5.14460000e-06,
        4.90040000e-06,  5.00170000e-06,  4.80120000e-06,  4.34030000e-06,
        4.31300000e-06,  5.26170000e-06,  4.95820000e-06,  4.90440000e-06,
        4.86140000e-06,  4.69260000e-06,  3.84440000e-06,  4.26710000e-06,
        4.99300000e-06,  4.90690000e-06,  4.67680000e-06,  4.62000000e-06,
        4.73050000e-06,  4.47970000e-06,  4.45230000e-06,  4.58110000e-06,
        4.04890000e-06,  4.44870000e-06,  4.58320000e-06,  4.80050000e-06,
        4.27870000e-06,  3.91370000e-06,  3.82360000e-06,  4.33960000e-06,
        4.56830000e-06,  4.43480000e-06,  4.49280000e-06,  4.73510000e-06,
        5.09590000e-06,  4.37280000e-06,  4.38650000e-06,  4.56600000e-06,
        4.65100000e-06,  4.46770000e-06,  4.04650000e-06,  4.35320000e-06,
        4.12940000e-06,  4.25900000e-06,  4.40590000e-06,  4.04500000e-06,
        3.76470000e-06,  4.63240000e-06,  4.67540000e-06,  4.25220000e-06,
        3.91610000e-06,  4.01340000e-06,  4.20300000e-06,  4.34660000e-06,
        4.23690000e-06,  4.23160000e-06,  4.70120000e-06,  4.11090000e-06,
        4.04920000e-06,  3.81660000e-06,  4.13060000e-06,  4.37690000e-06,
        3.95010000e-06,  3.93650000e-06,  4.00740000e-06,  4.04370000e-06,
        3.96750000e-06,  3.98860000e-06,  4.27060000e-06,  3.97970000e-06,
        3.78270000e-06,  3.86140000e-06,  4.07900000e-06,  4.08650000e-06,
        4.04270000e-06,  3.99080000e-06,  4.29480000e-06,  4.27400000e-06,
        4.08680000e-06,  4.04600000e-06,  3.76380000e-06,  3.39780000e-06,
        3.87600000e-06,  3.75460000e-06,  3.37760000e-06,  3.73470000e-06,
        3.83640000e-06,  3.94540000e-06,  3.51430000e-06,  3.90780000e-06,
        3.96940000e-06,  4.11690000e-06,  4.03400000e-06,  3.79820000e-06,
        3.80960000e-06,  3.45980000e-06,  3.99450000e-06,  4.03690000e-06,
        3.48790000e-06,  3.81800000e-06,  3.81710000e-06,  3.50740000e-06,
        3.17230000e-06,  3.43090000e-06,  3.74940000e-06,  4.20000000e-06,
        3.92750000e-06,  4.10700000e-06,  3.96270000e-06,  3.67880000e-06,
        3.59150000e-06,  3.71900000e-06,  3.67690000e-06,  3.25940000e-06,
        3.75760000e-06,  3.82890000e-06,  3.93320000e-06,  3.73660000e-06,
        3.73810000e-06,  3.20110000e-06,  3.39250000e-06,  3.48980000e-06,
        3.48460000e-06,  3.30900000e-06,  3.36260000e-06,  3.52980000e-06,
        3.50350000e-06,  3.48490000e-06,  3.74300000e-06,  3.27530000e-06,
        3.88880000e-06,  3.76590000e-06,  3.11790000e-06,  2.88910000e-06,
        3.46950000e-06,  3.49960000e-06,  2.82280000e-06,  2.98790000e-06,
        3.60580000e-06,  4.37910000e-06,  3.46980000e-06,  3.09170000e-06,
        3.31950000e-06,  3.34420000e-06,  2.80010000e-06,  3.62060000e-06,
        4.11820000e-06,  3.96160000e-06,  3.42600000e-06,  3.34500000e-06,
        3.98150000e-06,  3.94630000e-06,  3.70120000e-06,  3.57320000e-06,
        3.59690000e-06,  3.31350000e-06,  3.72350000e-06,  4.01260000e-06,
        3.77100000e-06,  3.65510000e-06,  3.60780000e-06,  3.35700000e-06,
        3.47080000e-06,  3.54330000e-06,  3.95950000e-06,  3.75440000e-06,
        3.24310000e-06,  3.28790000e-06,  3.55450000e-06,  3.31350000e-06,
        3.28690000e-06,  3.35260000e-06,  3.08870000e-06,  3.22480000e-06,
        3.21370000e-06,  2.92300000e-06,  3.23700000e-06,  2.95900000e-06,
        3.15720000e-06,  3.16790000e-06,  3.87290000e-06,  3.31960000e-06,
        3.71120000e-06,  3.06000000e-06,  3.24170000e-06,  3.27110000e-06,
        3.46740000e-06,  3.26160000e-06,  3.55710000e-06,  3.07890000e-06,
        2.74570000e-06,  3.28900000e-06,  3.03650000e-06,  2.87500000e-06,
        3.17350000e-06,  3.11240000e-06,  3.02810000e-06,  3.10980000e-06,
        2.87120000e-06,  3.25740000e-06,  3.24820000e-06,  3.36200000e-06,
        3.15790000e-06,  3.12740000e-06,  3.62030000e-06,  3.09270000e-06,
        3.07950000e-06,  2.45110000e-06,  3.26150000e-06,  3.47430000e-06,
        3.20550000e-06,  3.36110000e-06,  3.38420000e-06,  3.65600000e-06,
        2.93380000e-06,  3.03290000e-06,  3.00910000e-06,  2.83990000e-06,
        2.93800000e-06,  3.11440000e-06,  2.92420000e-06,  3.12170000e-06,
        3.12520000e-06,  2.87660000e-06,  3.03440000e-06,  3.14390000e-06,
        3.37960000e-06,  3.35350000e-06,  2.72040000e-06,  3.18820000e-06,
        2.90980000e-06,  3.26180000e-06,  3.52130000e-06,  3.18900000e-06,
        3.06170000e-06,  2.92470000e-06,  2.89500000e-06,  3.17100000e-06,
        3.02400000e-06,  2.87900000e-06,  3.00770000e-06,  3.29520000e-06,
        3.35520000e-06,  3.32210000e-06,  3.28360000e-06,  3.06790000e-06,
        3.23080000e-06,  3.68540000e-06,  3.62820000e-06,  3.26000000e-06,
        3.48590000e-06,  3.66250000e-06,  3.46300000e-06,  3.71100000e-06,
        3.27430000e-06,  3.31590000e-06,  3.62150000e-06,  2.55110000e-06,
        2.80650000e-06,  2.56110000e-06,  2.39950000e-06,  3.09250000e-06,
        3.57330000e-06,  2.57420000e-06,  2.40580000e-06,  2.63300000e-06,
        2.58110000e-06,  2.57900000e-06,  3.03100000e-06,  2.84190000e-06,
        2.65140000e-06,  2.44100000e-06,  3.09500000e-06,  3.13190000e-06,
        2.79370000e-06,  3.87810000e-06,  2.78120000e-06,  3.24050000e-06,
        2.89910000e-06,  2.65500000e-06,  2.25070000e-06,  2.25900000e-06,
        2.62620000e-06,  3.82820000e-06,  4.32410000e-06,  3.76260000e-06,
        2.66810000e-06,  2.26370000e-06,  2.44140000e-06,  2.04480000e-06,
        2.42400000e-06,  3.95840000e-06,  3.96040000e-06,  3.32900000e-06,
        3.49600000e-06,  2.19530000e-06,  2.77290000e-06,  3.00930000e-06,
        3.10510000e-06,  4.01390000e-06,  2.61420000e-06,  1.91240000e-06,
        1.73600000e-06,  3.67980000e-06,  2.75370000e-06,  2.57950000e-06,
        2.94870000e-06,  2.77860000e-06,  2.53810000e-06,  4.03980000e-06,
       -4.50000000e-08,  1.01520000e-06,  6.55550000e-06,  9.80300000e-06])
