array([0.03816098, 0.04114579, 0.0441306 , 0.04711541, 0.05010022,
       0.05308503, 0.05606983, 0.05905464, 0.06203945, 0.06502426,
       0.06800907, 0.07099388, 0.07397869, 0.0769635 , 0.07994831,
       0.08293312, 0.08591793, 0.08890273, 0.09188754, 0.09487235,
       0.09785716, 0.10084197, 0.10382678, 0.10681159, 0.1097964 ,
       0.11278121, 0.11576602, 0.11875083, 0.12173563, 0.12472044,
       0.12770525, 0.13069006, 0.13367487, 0.13665968, 0.13964449,
       0.1426293 , 0.14561411, 0.14859892, 0.15158373, 0.15456853,
       0.15755334, 0.16053815, 0.16352296, 0.16650777, 0.16949258,
       0.17247739, 0.1754622 , 0.17844701, 0.18143182, 0.18441663,
       0.18740143, 0.19038624, 0.19337105, 0.19635586, 0.19934067,
       0.20232548, 0.20531029, 0.2082951 , 0.21127991, 0.21426472,
       0.21724953, 0.22023433, 0.22321914, 0.22620395, 0.22918876,
       0.23217357, 0.23515838, 0.23814319, 0.241128  , 0.24411281,
       0.24709762, 0.25008243, 0.25306723, 0.25605204, 0.25903685,
       0.26202166, 0.26500647, 0.26799128, 0.27097609, 0.2739609 ,
       0.27694571, 0.27993052, 0.28291533, 0.28590013, 0.28888494,
       0.29186975, 0.29485456, 0.29783937, 0.30082418, 0.30380899,
       0.3067938 , 0.30977861, 0.31276342, 0.31574822, 0.31873303,
       0.32171784, 0.32470265, 0.32768746, 0.33067227, 0.33365708,
       0.33664189, 0.3396267 , 0.34261151, 0.34559632, 0.34858112,
       0.35156593, 0.35455074, 0.35753555, 0.36052036, 0.36350517,
       0.36648998, 0.36947479, 0.3724596 , 0.37544441, 0.37842922,
       0.38141402, 0.38439883, 0.38738364, 0.39036845, 0.39335326,
       0.39633807, 0.39932288, 0.40230769, 0.4052925 , 0.40827731,
       0.41126212, 0.41424692, 0.41723173, 0.42021654, 0.42320135,
       0.42618616, 0.42917097, 0.43215578, 0.43514059, 0.4381254 ,
       0.44111021, 0.44409502, 0.44707982, 0.45006463, 0.45304944,
       0.45603425, 0.45901906, 0.46200387, 0.46498868, 0.46797349,
       0.4709583 , 0.47394311, 0.47692792, 0.47991272, 0.48289753,
       0.48588234, 0.48886715, 0.49185196, 0.49483677, 0.49782158,
       0.50080639, 0.5037912 , 0.50677601, 0.50976082, 0.51274562,
       0.51573043, 0.51871524, 0.52170005, 0.52468486, 0.52766967,
       0.53065448, 0.53363929, 0.5366241 , 0.53960891, 0.54259372,
       0.54557852, 0.54856333, 0.55154814, 0.55453295, 0.55751776,
       0.56050257, 0.56348738, 0.56647219, 0.569457  , 0.57244181,
       0.57542662, 0.57841142, 0.58139623, 0.58438104, 0.58736585,
       0.59035066, 0.59333547, 0.59632028, 0.59930509, 0.6022899 ,
       0.60527471, 0.60825952, 0.61124432, 0.61422913, 0.61721394,
       0.62019875, 0.62318356, 0.62616837, 0.62915318, 0.63213799,
       0.6351228 , 0.63810761, 0.64109242, 0.64407722, 0.64706203,
       0.65004684, 0.65303165, 0.65601646, 0.65900127, 0.66198608,
       0.66497089, 0.6679557 , 0.67094051, 0.67392531, 0.67691012,
       0.67989493, 0.68287974, 0.68586455, 0.68884936, 0.69183417,
       0.69481898, 0.69780379, 0.7007886 , 0.70377341, 0.70675821,
       0.70974302, 0.71272783, 0.71571264, 0.71869745, 0.72168226,
       0.72466707, 0.72765188, 0.73063669, 0.7336215 , 0.73660631,
       0.73959111, 0.74257592, 0.74556073, 0.74854554, 0.75153035,
       0.75451516, 0.75749997, 0.76048478, 0.76346959, 0.7664544 ,
       0.76943921, 0.77242401, 0.77540882, 0.77839363, 0.78137844,
       0.78436325, 0.78734806, 0.79033287, 0.79331768, 0.79630249,
       0.7992873 , 0.80227211, 0.80525691, 0.80824172, 0.81122653,
       0.81421134, 0.81719615, 0.82018096, 0.82316577, 0.82615058,
       0.82913539, 0.8321202 , 0.83510501, 0.83808981, 0.84107462,
       0.84405943, 0.84704424, 0.85002905, 0.85301386, 0.85599867,
       0.85898348, 0.86196829, 0.8649531 , 0.86793791, 0.87092271,
       0.87390752, 0.87689233, 0.87987714, 0.88286195, 0.88584676,
       0.88883157, 0.89181638, 0.89480119, 0.897786  , 0.90077081,
       0.90375561, 0.90674042, 0.90972523, 0.91271004, 0.91569485,
       0.91867966, 0.92166447, 0.92464928, 0.92763409, 0.9306189 ,
       0.93360371, 0.93658851, 0.93957332, 0.94255813, 0.94554294,
       0.94852775, 0.95151256, 0.95449737, 0.95748218, 0.96046699,
       0.9634518 , 0.9664366 , 0.96942141, 0.97240622, 0.97539103,
       0.97837584, 0.98136065, 0.98434546, 0.98733027, 0.99031508,
       0.99329989, 0.9962847 , 0.9992695 , 1.00225431, 1.00523912,
       1.00822393, 1.01120874, 1.01419355, 1.01717836, 1.02016317,
       1.02314798, 1.02613279, 1.0291176 , 1.0321024 , 1.03508721,
       1.03807202, 1.04105683, 1.04404164, 1.04702645, 1.05001126,
       1.05299607, 1.05598088, 1.05896569, 1.0619505 , 1.0649353 ,
       1.06792011, 1.07090492, 1.07388973, 1.07687454, 1.07985935,
       1.08284416, 1.08582897, 1.08881378, 1.09179859, 1.0947834 ,
       1.0977682 , 1.10075301, 1.10373782, 1.10672263, 1.10970744,
       1.11269225, 1.11567706, 1.11866187, 1.12164668, 1.12463149,
       1.1276163 , 1.1306011 , 1.13358591, 1.13657072, 1.13955553,
       1.14254034, 1.14552515, 1.14850996, 1.15149477, 1.15447958,
       1.15746439, 1.1604492 , 1.163434  , 1.16641881, 1.16940362,
       1.17238843, 1.17537324, 1.17835805, 1.18134286, 1.18432767,
       1.18731248, 1.19029729, 1.1932821 , 1.1962669 , 1.19925171,
       1.20223652, 1.20522133, 1.20820614, 1.21119095, 1.21417576,
       1.21716057, 1.22014538, 1.22313019, 1.226115  , 1.2290998 ,
       1.23208461, 1.23506942, 1.23805423, 1.24103904, 1.24402385,
       1.24700866, 1.24999347, 1.25297828, 1.25596309, 1.25894789,
       1.2619327 , 1.26491751, 1.26790232, 1.27088713, 1.27387194,
       1.27685675, 1.27984156, 1.28282637, 1.28581118, 1.28879599,
       1.29178079, 1.2947656 , 1.29775041, 1.30073522, 1.30372003,
       1.30670484, 1.30968965, 1.31267446, 1.31565927, 1.31864408,
       1.32162889, 1.32461369, 1.3275985 , 1.33058331, 1.33356812,
       1.33655293, 1.33953774, 1.34252255, 1.34550736, 1.34849217,
       1.35147698, 1.35446179, 1.35744659, 1.3604314 , 1.36341621,
       1.36640102, 1.36938583, 1.37237064, 1.37535545, 1.37834026,
       1.38132507, 1.38430988, 1.38729469, 1.39027949, 1.3932643 ,
       1.39624911, 1.39923392, 1.40221873, 1.40520354, 1.40818835,
       1.41117316, 1.41415797, 1.41714278, 1.42012759, 1.42311239,
       1.4260972 , 1.42908201, 1.43206682, 1.43505163, 1.43803644,
       1.44102125, 1.44400606, 1.44699087, 1.44997568, 1.45296049,
       1.45594529, 1.4589301 , 1.46191491, 1.46489972, 1.46788453,
       1.47086934, 1.47385415, 1.47683896, 1.47982377, 1.48280858,
       1.48579339, 1.48877819, 1.491763  , 1.49474781, 1.49773262,
       1.50071743, 1.50370224, 1.50668705, 1.50967186, 1.51265667,
       1.51564148, 1.51862629, 1.52161109, 1.5245959 , 1.52758071,
       1.53056552, 1.53355033, 1.53653514, 1.53951995, 1.54250476,
       1.54548957, 1.54847438, 1.55145918, 1.55444399, 1.5574288 ,
       1.56041361, 1.56339842, 1.56638323, 1.56936804, 1.57235285,
       1.57533766, 1.57832247, 1.58130728, 1.58429208, 1.58727689,
       1.5902617 , 1.59324651, 1.59623132, 1.59921613, 1.60220094,
       1.60518575, 1.60817056, 1.61115537, 1.61414018, 1.61712498,
       1.62010979, 1.6230946 , 1.62607941, 1.62906422, 1.63204903,
       1.63503384, 1.63801865, 1.64100346, 1.64398827, 1.64697308,
       1.64995788, 1.65294269, 1.6559275 , 1.65891231, 1.66189712,
       1.66488193, 1.66786674, 1.67085155, 1.67383636, 1.67682117,
       1.67980598, 1.68279078, 1.68577559, 1.6887604 , 1.69174521,
       1.69473002, 1.69771483, 1.70069964, 1.70368445, 1.70666926,
       1.70965407, 1.71263888, 1.71562368, 1.71860849, 1.7215933 ,
       1.72457811, 1.72756292, 1.73054773, 1.73353254, 1.73651735,
       1.73950216, 1.74248697, 1.74547178, 1.74845658, 1.75144139,
       1.7544262 , 1.75741101, 1.76039582, 1.76338063, 1.76636544,
       1.76935025, 1.77233506, 1.77531987, 1.77830468, 1.78128948,
       1.78427429, 1.7872591 , 1.79024391, 1.79322872, 1.79621353,
       1.79919834, 1.80218315, 1.80516796, 1.80815277, 1.81113758,
       1.81412238, 1.81710719, 1.820092  , 1.82307681, 1.82606162,
       1.82904643, 1.83203124, 1.83501605, 1.83800086, 1.84098567,
       1.84397048, 1.84695528, 1.84994009, 1.8529249 , 1.85590971,
       1.85889452, 1.86187933, 1.86486414, 1.86784895, 1.87083376,
       1.87381857, 1.87680337, 1.87978818, 1.88277299, 1.8857578 ,
       1.88874261, 1.89172742, 1.89471223, 1.89769704, 1.90068185,
       1.90366666, 1.90665147, 1.90963627, 1.91262108, 1.91560589,
       1.9185907 , 1.92157551, 1.92456032, 1.92754513, 1.93052994,
       1.93351475, 1.93649956, 1.93948437, 1.94246917, 1.94545398,
       1.94843879, 1.9514236 , 1.95440841, 1.95739322, 1.96037803,
       1.96336284, 1.96634765, 1.96933246, 1.97231727, 1.97530207,
       1.97828688, 1.98127169, 1.9842565 , 1.98724131, 1.99022612,
       1.99321093, 1.99619574, 1.99918055, 2.00216536, 2.00515017,
       2.00813497, 2.01111978, 2.01410459, 2.0170894 , 2.02007421,
       2.02305902, 2.02604383, 2.02902864, 2.03201345, 2.03499826,
       2.03798307, 2.04096787, 2.04395268, 2.04693749, 2.0499223 ,
       2.05290711, 2.05589192, 2.05887673, 2.06186154, 2.06484635,
       2.06783116, 2.07081597, 2.07380077, 2.07678558, 2.07977039,
       2.0827552 , 2.08574001, 2.08872482, 2.09170963, 2.09469444,
       2.09767925, 2.10066406, 2.10364887, 2.10663367, 2.10961848,
       2.11260329, 2.1155881 , 2.11857291, 2.12155772, 2.12454253,
       2.12752734, 2.13051215, 2.13349696, 2.13648177, 2.13946657,
       2.14245138, 2.14543619, 2.148421  , 2.15140581, 2.15439062,
       2.15737543, 2.16036024, 2.16334505, 2.16632986, 2.16931466,
       2.17229947, 2.17528428, 2.17826909, 2.1812539 , 2.18423871,
       2.18722352, 2.19020833, 2.19319314, 2.19617795, 2.19916276,
       2.20214756, 2.20513237, 2.20811718, 2.21110199, 2.2140868 ,
       2.21707161, 2.22005642, 2.22304123, 2.22602604, 2.22901085,
       2.23199566, 2.23498046, 2.23796527, 2.24095008, 2.24393489,
       2.2469197 , 2.24990451, 2.25288932, 2.25587413, 2.25885894,
       2.26184375, 2.26482856, 2.26781336, 2.27079817, 2.27378298,
       2.27676779, 2.2797526 , 2.28273741, 2.28572222, 2.28870703,
       2.29169184, 2.29467665, 2.29766146, 2.30064626, 2.30363107,
       2.30661588, 2.30960069, 2.3125855 , 2.31557031, 2.31855512,
       2.32153993, 2.32452474, 2.32750955, 2.33049436, 2.33347916,
       2.33646397, 2.33944878, 2.34243359, 2.3454184 , 2.34840321,
       2.35138802, 2.35437283, 2.35735764, 2.36034245, 2.36332726,
       2.36631206, 2.36929687, 2.37228168, 2.37526649, 2.3782513 ,
       2.38123611, 2.38422092, 2.38720573, 2.39019054, 2.39317535,
       2.39616016, 2.39914496, 2.40212977, 2.40511458, 2.40809939,
       2.4110842 , 2.41406901, 2.41705382, 2.42003863, 2.42302344,
       2.42600825, 2.42899306, 2.43197786, 2.43496267, 2.43794748,
       2.44093229, 2.4439171 , 2.44690191, 2.44988672, 2.45287153,
       2.45585634, 2.45884115, 2.46182596, 2.46481076, 2.46779557,
       2.47078038, 2.47376519, 2.47675   , 2.47973481, 2.48271962,
       2.48570443, 2.48868924, 2.49167405, 2.49465885, 2.49764366,
       2.50062847, 2.50361328, 2.50659809, 2.5095829 , 2.51256771,
       2.51555252, 2.51853733, 2.52152214, 2.52450695, 2.52749175,
       2.53047656, 2.53346137, 2.53644618, 2.53943099, 2.5424158 ,
       2.54540061, 2.54838542, 2.55137023, 2.55435504, 2.55733985,
       2.56032465, 2.56330946, 2.56629427, 2.56927908, 2.57226389,
       2.5752487 , 2.57823351, 2.58121832, 2.58420313, 2.58718794,
       2.59017275, 2.59315755, 2.59614236, 2.59912717, 2.60211198,
       2.60509679, 2.6080816 , 2.61106641, 2.61405122, 2.61703603,
       2.62002084, 2.62300565, 2.62599045, 2.62897526, 2.63196007,
       2.63494488, 2.63792969, 2.6409145 , 2.64389931, 2.64688412,
       2.64986893, 2.65285374, 2.65583855, 2.65882335, 2.66180816,
       2.66479297, 2.66777778, 2.67076259, 2.6737474 , 2.67673221,
       2.67971702, 2.68270183, 2.68568664, 2.68867145, 2.69165625,
       2.69464106, 2.69762587, 2.70061068, 2.70359549, 2.7065803 ,
       2.70956511, 2.71254992, 2.71553473, 2.71851954, 2.72150435,
       2.72448915, 2.72747396, 2.73045877, 2.73344358, 2.73642839,
       2.7394132 , 2.74239801, 2.74538282, 2.74836763, 2.75135244,
       2.75433725, 2.75732205, 2.76030686, 2.76329167, 2.76627648,
       2.76926129, 2.7722461 , 2.77523091, 2.77821572, 2.78120053,
       2.78418534, 2.78717015, 2.79015495, 2.79313976, 2.79612457,
       2.79910938, 2.80209419, 2.805079  , 2.80806381, 2.81104862,
       2.81403343, 2.81701824, 2.82000304, 2.82298785, 2.82597266,
       2.82895747, 2.83194228, 2.83492709, 2.8379119 , 2.84089671,
       2.84388152, 2.84686633, 2.84985114, 2.85283594, 2.85582075,
       2.85880556, 2.86179037, 2.86477518, 2.86775999, 2.8707448 ,
       2.87372961, 2.87671442, 2.87969923, 2.88268404, 2.88566884,
       2.88865365, 2.89163846, 2.89462327, 2.89760808, 2.90059289,
       2.9035777 , 2.90656251, 2.90954732, 2.91253213, 2.91551694,
       2.91850174, 2.92148655, 2.92447136, 2.92745617, 2.93044098,
       2.93342579, 2.9364106 , 2.93939541, 2.94238022, 2.94536503,
       2.94834984, 2.95133464, 2.95431945, 2.95730426, 2.96028907,
       2.96327388, 2.96625869, 2.9692435 , 2.97222831, 2.97521312,
       2.97819793, 2.98118274, 2.98416754, 2.98715235, 2.99013716,
       2.99312197, 2.99610678, 2.99909159, 3.0020764 , 3.00506121,
       3.00804602, 3.01103083, 3.01401564, 3.01700044, 3.01998525,
       3.02297006, 3.02595487, 3.02893968, 3.03192449, 3.0349093 ,
       3.03789411, 3.04087892, 3.04386373, 3.04684854, 3.04983334,
       3.05281815, 3.05580296, 3.05878777, 3.06177258, 3.06475739,
       3.0677422 , 3.07072701, 3.07371182, 3.07669663, 3.07968143,
       3.08266624, 3.08565105, 3.08863586, 3.09162067])
